2 0.40252352941176467 0.1135400444938821 0.3222235294117647 0.023300889877641826
1 0.4978 0.14023081201334817 0.5127764705882353 0.021059510567296998
4 0.3866470588235294 0.19666295884315907 0.2645823529411765 0.020469966629588433
3 0.7866117647058823 0.5873665183537263 0.32098235294117644 0.022119021134593995
0 0.5019411764705882 0.38214682981090103 0.930470588235294 0.019911012235817573
0 0.5031176470588234 0.3618520578420467 0.9281176470588235 0.019365962180200223
0 0.5025294117647059 0.3421134593993326 0.9269352941176471 0.019933259176863182
0 0.5025235294117647 0.32154060066740825 0.9269294117647059 0.019947163515016686
0 0.5019411764705882 0.4828364849833148 0.930464705882353 0.021070634037819797
0 0.5019411764705882 0.46165461624026694 0.930464705882353 0.019860956618464962
0 0.5019411764705882 0.44191601779755285 0.9281235294117647 0.01931868743047831
0 0.5019411764705882 0.42245550611790883 0.9281117647058823 0.019329810901001113
0 0.5025411764705883 0.40216351501668524 0.9293235294117647 0.01878476084538376
0 0.5031176470588234 0.522035595105673 0.9304764705882352 0.019379866518353727
0 0.5031294117647059 0.5031312569521691 0.9304941176470588 0.01827864293659622
0 0.5031294117647059 0.5520578420467186 0.9328470588235294 0.03937708565072302