3 0.7919 0.5797729852440409 0.3268647058823529 0.02424801362088536
2 0.39958235294117644 0.11499148694665154 0.32339999999999997 0.025442678774120316
1 0.5025058823529411 0.14250851305334847 0.5268941176470588 0.02372304199772985
4 0.38605882352941173 0.20094778660612939 0.26575882352941177 0.020283768444948922
0 0.5060588235294118 0.5550766174801361 0.9293 0.01912031782065834
0 0.5060529411764706 0.5349148694665153 0.9292823529411764 0.019662315550510786
0 0.5060588235294118 0.5136407491486946 0.9292941176470588 0.020241203178206584
0 0.5060529411764706 0.49293132803632234 0.9292823529411764 0.019687854710556184
0 0.5060588235294118 0.47222190692395005 0.9292941176470588 0.0191316685584563
0 0.5060588235294118 0.45151248581157777 0.9292941176470588 0.01971339387060159
0 0.5054764705882353 0.4310868331441544 0.9281235294117647 0.01972474460839955
0 0.5054705882352941 0.4106640181611805 0.9281235294117647 0.019736095346197503
0 0.5054705882352941 0.3908059023836549 0.930470588235294 0.01861520998864926
0 0.5048764705882353 0.37038024971623157 0.9292882352941176 0.019761634506242905
0 0.5037058823529411 0.34967082860385923 0.9316470588235294 0.01920828603859251
0 0.5042941176470588 0.328677639046538 0.9304764705882352 0.020354710556186154