1 0.4978 0.09343958487768718 0.5174823529411765 0.016234247590808003
2 0.4013470588235294 0.07621015567086731 0.3245764705882353 0.015872868791697557
4 0.387235294117647 0.13067828020756114 0.2634058823529412 0.0143587842846553
0 0.5013588235294117 0.21501111934766495 0.9198882352941176 0.013269088213491475
0 0.5007647058823529 0.3085952557449963 0.9187 0.012147887323943661
0 0.5013529411764706 0.29525574499629353 0.9198764705882353 0.01363973313565604
0 0.5013529411764706 0.28173091178650855 0.9198764705882353 0.013276501111934767
0 0.5019411764705882 0.26836730911786505 0.9187058823529411 0.013235730170496665
0 0.5025411764705883 0.25502779836916234 0.9198999999999999 0.012503706449221646
0 0.5013529411764706 0.2418736100815419 0.9198882352941176 0.012881764269829505
0 0.5013705882352941 0.22872127501853226 0.9199235294117647 0.012518532246108228
0 0.5013470588235294 0.3354577464788733 0.9198647058823529 0.013243143068939955
0 0.5013705882352941 0.32156412157153447 0.9199176470588235 0.012881764269829505
0 0.5013529411764706 0.40088213491475166 0.9198764705882353 0.012881764269829505
0 0.5007588235294117 0.3875426241660489 0.9187 0.012891030392883618
0 0.4995882352941176 0.37475908080059306 0.9187117647058823 0.012527798369162341
0 0.5007588235294117 0.361234247590808 0.9210529411764705 0.0129058561897702
0 0.5007764705882354 0.34900667160859894 0.9187294117647058 0.012173832468495181
0 0.5007647058823529 0.45537435137138615 0.9163529411764706 0.01363973313565604
0 0.5007647058823529 0.4422201630837657 0.9187058823529411 0.012535211267605633
0 0.4995882352941176 0.4285100074128984 0.9210529411764705 0.01328576723498888
0 0.5001882352941177 0.4144051148999259 0.9198999999999999 0.013986286137879911
0 0.4995882352941176 0.5355948851000741 0.9163470588235294 0.013960340993328392
0 0.499 0.5216994069681246 0.9151764705882353 0.012857672349888806
0 0.49900588235294113 0.5083598962194218 0.9151941176470588 0.012865085248332098
0 0.4995882352941176 0.49520570793180135 0.9163588235294118 0.013244996293550778
0 0.4995941176470588 0.4811267605633803 0.9163588235294118 0.013252409191994071
0 0.5007823529411765 0.4683432171979244 0.9163823529411764 0.012149740548554486
0 0.5484058823529412 0.5672979985174202 0.8257529411764706 0.0262175685693106
0 0.5478117647058823 0.5941604892512973 0.8269235294117647 0.024347664936990362
0 0.547235294117647 0.6316085989621942 0.8281176470588235 0.025856189770200152
0 0.5466588235294118 0.6577316530763528 0.8293176470588235 0.024729429206819867
0 0.5460529411764705 0.696265752409192 0.8304647058823529 0.029151223128243146
3 0.7907235294117647 0.7190808005930318 0.3315705882352941 0.013995552260934024