2 0.4013470588235294 0.1255346106304079 0.32928235294117647 0.025852904820766378
1 0.4954470588235294 0.15550061804697157 0.5174882352941177 0.02521631644004944
4 0.3895882352941176 0.21852286773794807 0.25164117647058826 0.022707045735475898
3 0.7919058823529412 0.5433096415327565 0.32451176470588233 0.023328182941903582
0 0.5213529411764706 0.5142490729295426 0.8798823529411764 0.022070457354758963
0 0.5213529411764706 0.4913875154511743 0.8798823529411764 0.022082818294190357
0 0.5213470588235294 0.46974351050679847 0.8798705882352941 0.020822002472187885
0 0.521935294117647 0.44749999999999995 0.8810470588235294 0.022070457354758963
0 0.5213529411764706 0.4252564894932015 0.8798823529411764 0.02084672435105068
0 0.5213529411764706 0.4033220024721879 0.8798764705882353 0.02024412855377009
0 0.5213470588235294 0.3807725587144623 0.8798764705882353 0.022110630407911
0 0.5213529411764706 0.35760197775030905 0.8798823529411764 0.022744128553770084