3 0.7924882352941176 0.7155969677826911 0.3280411764705882 0.01224257738471257
2 0.40193529411764706 0.06416456096020215 0.3257529411764706 0.013864497789008213
1 0.5025117647058823 0.07963834491471888 0.45395882352941175 0.010698041692987997
4 0.3878235294117647 0.11152874289324069 0.2645823529411765 0.011940934933670246
0 0.5031235294117646 0.18307012002526848 0.9328294117647058 0.011623499684144029
0 0.5031058823529412 0.21748736576121291 0.9328058823529412 0.010971257106759318
0 0.5031176470588234 0.20627763739734684 0.9328176470588235 0.010661718256475048
0 0.5037176470588236 0.19491156032849022 0.9340235294117647 0.010668035375868603
0 0.5066411764705883 0.3310344283006949 0.9375235294117646 0.011279216677195199
0 0.5060588235294118 0.3198246999368288 0.9387058823529412 0.010339545167403664
0 0.5060529411764706 0.308141187618446 0.9386941176470588 0.011609286165508529
0 0.5054647058823529 0.2967751105495894 0.9375176470588236 0.010353758686039166
0 0.5048882352941176 0.2849336702463677 0.9363588235294117 0.011939355653821856
0 0.5048764705882353 0.27325015792798485 0.9363411764705882 0.01131554011370815
0 0.5042941176470588 0.2625142135186355 0.9351764705882353 0.010690145293746052
0 0.5037058823529411 0.2511481364497789 0.9340058823529411 0.011328174352495262
0 0.5037176470588236 0.24025426405559064 0.9340235294117647 0.01101863550221099
0 0.5037117647058823 0.22904453569172456 0.9340117647058823 0.01071067593177511
0 0.5060588235294118 0.4218572331017056 0.9387117647058824 0.012255211623499683
0 0.5066529411764705 0.41017372078332276 0.9351882352941177 0.009736260265319015
0 0.5054705882352941 0.39941724573594445 0.9375294117647058 0.010963360707517373
0 0.5066529411764705 0.3878916614024005 0.9351823529411765 0.011287113076437144
0 0.5060529411764706 0.37605180037902713 0.9363470588235294 0.011609286165508529
0 0.5066470588235293 0.3646841440303221 0.9375235294117646 0.010353758686039166
0 0.5072470588235295 0.35347441566645604 0.9363764705882353 0.010675931775110548
0 0.5066529411764705 0.3424226152874289 0.9351882352941177 0.010050536955148452
0 0.5054705882352941 0.5016077068856601 0.9375235294117646 0.011299747315224257
0 0.5054705882352941 0.4902195198989261 0.9398764705882353 0.011265003158559696
0 0.5066529411764705 0.47916771951989895 0.9398882352941176 0.011272899557801641
0 0.5048764705882353 0.4671683512318383 0.9410470588235293 0.010647504737839545
0 0.5048764705882353 0.4558006948831333 0.9387 0.01065540113708149
0 0.5054764705882353 0.44459254579911556 0.937535294117647 0.01034586228679722
0 0.5054823529411765 0.43369867340492735 0.9375529411764706 0.010668035375868603
0 0.5054647058823529 0.5804106127605811 0.9351705882352941 0.011609286165508529
0 0.5054647058823529 0.5694962097283639 0.9351647058823529 0.009995262160454833
0 0.5048823529411764 0.5582864813644978 0.9363470588235294 0.01094914718888187
0 0.5048823529411764 0.5467608970309539 0.9363588235294117 0.010641187618445989
0 0.5054705882352941 0.5357090966519268 0.9375294117647058 0.011279216677195199
0 0.5054647058823529 0.524025584333544 0.9375235294117646 0.01065540113708149
0 0.5060705882352942 0.5128174352495262 0.9363764705882353 0.010977574226152875
0 0.5048941176470588 0.5917766898294378 0.9363764705882353 0.010971257106759318
0 0.5454823529411765 0.6200363234365129 0.8575529411764705 0.023267530006317122
0 0.5466588235294118 0.6521067593177512 0.8575529411764705 0.021710360075805433
0 0.5054823529411765 0.6740524320909665 0.9399058823529411 0.022645293746051797
0 0.5054882352941177 0.6904737839545168 0.9375647058823529 0.010004737839545167