2 0.40193529411764706 0.07628850488354622 0.3257529411764706 0.014186701728024042
1 0.4978 0.0945022539444027 0.5127764705882353 0.014551089406461307
4 0.3801764705882353 0.13262021036814425 0.2587 0.014151014274981218
3 0.7913117647058824 0.7173628850488354 0.3186294117647059 0.015341848234410219
0 0.5213470588235294 0.2855165289256198 0.9034 0.012655897821187076
0 0.5213470588235294 0.27162096168294514 0.9034 0.013414725770097672
0 0.5207647058823529 0.2586645379413975 0.9022411764705882 0.011545830202854997
0 0.520170588235294 0.24533245679939897 0.9010529411764706 0.013431630353117957
0 0.5201764705882352 0.23162659654395193 0.9010588235294117 0.012312171299774605
0 0.5196000000000001 0.21773102930127725 0.9022588235294117 0.013072877535687453
0 0.5219411764705882 0.3931592787377911 0.9045823529411765 0.013063486100676184
0 0.5201764705882352 0.37945154019534183 0.9057588235294117 0.013448534936138241
0 0.5207588235294117 0.36574380165289255 0.9045764705882353 0.013080390683696468
0 0.5207647058823529 0.35278737791134485 0.9045882352941176 0.012714124718256949
0 0.5213529411764706 0.33907963936889557 0.9034058823529412 0.013848610067618334
0 0.5213470588235294 0.32612509391435013 0.9010470588235294 0.011977836213373404
0 0.521935294117647 0.3125544703230654 0.9022294117647058 0.01339030803906837
0 0.5207823529411765 0.29866078136739294 0.9022647058823529 0.012646506386175807
0 0.5213588235294118 0.6425676183320812 0.9034235294117646 0.025028174305033807
0 0.5207647058823529 0.6230409466566492 0.9045823529411765 0.013022163786626597
0 0.5213529411764706 0.6093332081141999 0.9034117647058824 0.013407212622088655
0 0.5213529411764706 0.5956254695717506 0.9057647058823529 0.01379038317054846
0 0.5213529411764706 0.5822933884297521 0.9034058823529412 0.013424117205108941
0 0.5213529411764706 0.5693369646882044 0.9034117647058824 0.012304658151765591
0 0.5213529411764706 0.5563824192336588 0.9034117647058824 0.012687828700225393
0 0.5213529411764706 0.5426746806912096 0.9034058823529412 0.013072877535687453
0 0.5207588235294117 0.5282156273478588 0.9045764705882353 0.014207362885048836
0 0.5207705882352941 0.514320060105184 0.9046 0.012714124718256949
0 0.5207705882352941 0.5009898572501879 0.9045941176470588 0.013097295266716755
0 0.5207647058823529 0.4878456048084147 0.9045882352941176 0.01310480841472577
0 0.5207647058823529 0.47395003756574006 0.9045882352941176 0.013865514650638617
0 0.5213470588235294 0.46061795642374154 0.9034 0.012746055597295266
0 0.5213529411764706 0.4472370398196845 0.9034117647058824 0.013031555221637866
0 0.5213470588235294 0.43390495867768597 0.9034058823529412 0.01416604057099925
0 0.5213705882352941 0.4196337340345605 0.9034529411764706 0.013424117205108941
0 0.5213705882352941 0.4066773102930128 0.9034529411764706 0.013055972952667168
0 0.5219470588235294 0.6685048835462059 0.9046 0.02506198347107438
0 0.522535294117647 0.695354996243426 0.9057764705882353 0.027674680691209617