2 0.3978176470588235 0.07272986457590877 0.33163529411764703 0.017020669992872415
1 0.5083941176470588 0.08983071988595866 0.4257294117647059 0.014160727013542408
4 0.387235294117647 0.12582679971489666 0.2587 0.013449750534568782
0 0.5189941176470588 0.30937633642195295 0.8869294117647059 0.012765502494654312
0 0.5195882352941176 0.29655024946543124 0.8881176470588235 0.012772630078403423
0 0.5195882352941176 0.284248039914469 0.8857647058823529 0.012401995723449749
0 0.5195882352941176 0.2710655737704918 0.8857647058823529 0.013121881682109765
0 0.5195882352941176 0.25806129722024235 0.8857647058823529 0.012772630078403423
0 0.5189941176470588 0.24504632929436923 0.8845764705882353 0.013114754098360654
0 0.5190058823529411 0.23222024233784747 0.8846058823529411 0.011696364932287954
0 0.5190058823529411 0.21954918032786883 0.8846058823529411 0.013439059158945117
0 0.5184235294117647 0.2063667141838917 0.8857882352941177 0.012733428367783321
0 0.5195823529411765 0.3474964362081255 0.8881117647058824 0.012742337847469708
0 0.5195823529411765 0.334672131147541 0.8881058823529412 0.012749465431218816
0 0.5190058823529411 0.3222024233784747 0.8869529411764705 0.012045616535994296
0 0.5184058823529412 0.4123627940128296 0.8881058823529412 0.012749465431218816
0 0.5178235294117647 0.3990021382751247 0.8892941176470588 0.012401995723449749
0 0.5190058823529411 0.38617605131860294 0.8893 0.01240912330719886
0 0.5190058823529411 0.37334996436208123 0.8893058823529412 0.012418032786885245
0 0.5190058823529411 0.3603225231646472 0.8893058823529412 0.012735210263720598
0 0.5184117647058823 0.4761457590876693 0.8881117647058824 0.012733428367783321
0 0.5190117647058824 0.4629632929436921 0.8893176470588234 0.012742337847469708
0 0.5184176470588235 0.449948325017819 0.8881235294117646 0.01236992159657876
0 0.5184176470588235 0.43730042765502497 0.888135294117647 0.012022451888809692
0 0.5190058823529411 0.42536528866714185 0.8893 0.01167320028510335
0 0.5207588235294117 0.59178011404134 0.8904647058823529 0.012353884533143265
0 0.5207588235294117 0.5784194583036351 0.8904588235294117 0.012719173200285103
0 0.5213470588235294 0.565236992159658 0.8892823529411764 0.012013542409123307
0 0.5207705882352941 0.5529454739843194 0.888135294117647 0.01166607270135424
0 0.5207705882352941 0.5399411974340699 0.8881235294117646 0.012742337847469708
0 0.520170588235294 0.5272826086956522 0.8916411764705882 0.01236992159657876
0 0.5201764705882352 0.5144565217391305 0.8892941176470588 0.012378831076265145
0 0.5195882352941176 0.5021650035637919 0.8904705882352941 0.012029579472558803
0 0.5190058823529411 0.488971846044191 0.8893058823529412 0.012726300784034212
0 0.5207705882352941 0.6046044191019244 0.8904823529411764 0.013059515324305061
0 0.5566411764705882 0.6347434069850321 0.8163411764705882 0.02558089807555239
3 0.7919 0.6823075552387741 0.3339235294117647 0.014506414825374198
0 0.5196058823529413 0.6536386315039201 0.8905 0.01276728439059159