2 0.4007588235294117 0.07058761435608726 0.32339999999999997 0.016472554539057
1 0.49898235294117643 0.08819141449683321 0.5057235294117647 0.012976776917663618
4 0.3795882352941176 0.12407107670654469 0.2504705882352941 0.012955665024630542
3 0.7754352941176471 0.7301583391977481 0.3433411764705882 0.014011259676284306
0 0.5236999999999999 0.2036048557353976 0.8728176470588235 0.012276565798733286
0 0.5242941176470588 0.4570918367346939 0.8787117647058823 0.011863124560168897
0 0.5242941176470588 0.4442540464461647 0.8786999999999999 0.012222026741731175
0 0.5248823529411765 0.43159042927515834 0.8798823529411764 0.011527093596059112
0 0.5242941176470588 0.4185749472202674 0.8786999999999999 0.012237860661505982
0 0.5242882352941176 0.40573539760731875 0.8786999999999999 0.011894792399718508
0 0.5236999999999999 0.39342540464461645 0.8775235294117647 0.011198099929627022
0 0.5242941176470588 0.38128958479943703 0.8787058823529411 0.011557002111189303
0 0.5242882352941176 0.36897783251231525 0.8786999999999999 0.012267769176636172
0 0.5242941176470588 0.35578641801548205 0.8786999999999999 0.012628430682617875
0 0.5242941176470588 0.34327586206896554 0.8786999999999999 0.011534130893736805
0 0.5248882352941177 0.33096410978184376 0.8775411764705882 0.011541168191414496
0 0.5248882352941177 0.3181245601688952 0.8775352941176471 0.0119018296973962
0 0.5248823529411765 0.30528676988036596 0.8775294117647059 0.011557002111189303
0 0.5242941176470588 0.2929521463757917 0.8763470588235294 0.010814567206192822
0 0.5248823529411765 0.28046446164672767 0.8751705882352941 0.011877199155524279
0 0.5248823529411765 0.267624912033779 0.8751764705882352 0.010830401125967629
0 0.5248764705882353 0.255137227304715 0.8751705882352941 0.011189303307529909
0 0.5248764705882353 0.24264954257565097 0.8728117647058823 0.011549964813511613
0 0.5243 0.22945988740323717 0.8716647058823529 0.011908866995073892
0 0.5243058823529412 0.21662033779028853 0.8716764705882353 0.011565798733286416
0 0.525464705882353 0.5070654468684025 0.8786999999999999 0.011878958479943701
0 0.5248823529411765 0.49440182969739616 0.8798882352941176 0.011885995777621394
0 0.5248764705882353 0.4817382125263898 0.8798764705882353 0.011894792399718508
0 0.5243058823529412 0.46922765657987336 0.8787294117647059 0.011504222378606615
0 0.5254705882352941 0.5584218859957777 0.8834176470588235 0.012551020408163267
0 0.5243 0.5454064039408867 0.881070588235294 0.011152357494722027
0 0.5248823529411765 0.5327427867698804 0.8798764705882353 0.011863124560168897
0 0.5254764705882352 0.5200809289232934 0.8787176470588235 0.011870161857846586
0 0.5566588235294118 0.5890464461646727 0.8210882352941176 0.02383532723434201
0 0.557235294117647 0.6134940182969739 0.8198764705882353 0.023467628430682615
0 0.5290058823529411 0.6368859957776214 0.8763588235294117 0.023101688951442646
0 0.5290058823529411 0.6611787473610133 0.8763647058823529 0.023837086558761437
0 0.5290117647058824 0.6850985221674877 0.8763705882352941 0.023119282195636876
0 0.5295941176470588 0.7093684025334271 0.8751941176470588 0.024509148486981