2 0.40311176470588234 0.06689278623428194 0.32339999999999997 0.01320152217074785
1 0.5042764705882353 0.08310225016545333 0.4504294117647059 0.012529781601588352
4 0.38841176470588235 0.11651389808074124 0.2634058823529412 0.012509927200529451
3 0.7942529411764706 0.7096674387822633 0.3292176470588235 0.014172733289212442
0 0.519 0.2867554599602912 0.882235294117647 0.012824288550628723
0 0.519 0.2750132362673726 0.882235294117647 0.011178027796161482
0 0.5184117647058823 0.26326935804103246 0.8834058823529412 0.011515552614162806
0 0.5189941176470588 0.25136002647253475 0.8845764705882353 0.011522170747849107
0 0.5166470588235293 0.23961614824619457 0.8869470588235294 0.010537723362011912
0 0.5172470588235294 0.22784083388484447 0.8881411764705882 0.011470880211780278
0 0.5184176470588235 0.2162624090006618 0.888135294117647 0.010817339510258107
0 0.5178294117647059 0.2040221707478491 0.8893058823529412 0.012147584381204501
0 0.5184176470588235 0.19194738583719392 0.8881294117647058 0.011824950363997352
0 0.517235294117647 0.3469854401058901 0.8786999999999999 0.010845466578424884
0 0.5166411764705882 0.33488914626075444 0.8775117647058823 0.0118017868960953
0 0.5166470588235293 0.3233107213765718 0.8798764705882353 0.011148246194573129
0 0.517235294117647 0.31090502978160156 0.8810588235294118 0.012147584381204501
0 0.5184176470588235 0.2989956982131039 0.8810647058823529 0.010832230311052283
0 0.5166411764705882 0.44211283917935146 0.875164705882353 0.011824950363997352
0 0.5166411764705882 0.42937789543348776 0.875164705882353 0.012162475181998677
0 0.5166411764705882 0.41746856386499004 0.875164705882353 0.011508934480476506
0 0.5172294117647058 0.4063864990072799 0.8763470588235294 0.011184645929847782
0 0.5178176470588235 0.39431171409662474 0.8775235294117647 0.012183984116479153
0 0.5178235294117647 0.3822154202514891 0.8775352941176471 0.01115486432825943
0 0.5178176470588235 0.3701406353408339 0.8775176470588235 0.012155857048312376
0 0.5172529411764706 0.35806750496360024 0.8763882352941176 0.01050794176042356
0 0.5178176470588235 0.5006882859033752 0.8775176470588235 0.011169755129053608
0 0.5178176470588235 0.4892753143613501 0.8775176470588235 0.01084712111184646
0 0.5178294117647059 0.47786234281932494 0.8775470588235293 0.011846459298477828
0 0.517235294117647 0.46593150231634684 0.8763588235294117 0.011810059563203176
0 0.5166588235294118 0.45435307743216413 0.8775529411764705 0.01115486432825943
0 0.5484235294117648 0.5309546657842489 0.8328470588235294 0.02272998014559894
0 0.5496 0.5657114493712773 0.8304941176470588 0.022753143613500993
0 0.551364705882353 0.6007759761747188 0.8293176470588235 0.022069821310390467
0 0.523129411764706 0.6227746525479815 0.8881411764705882 0.0210638649900728
0 0.523129411764706 0.6446293845135671 0.8881411764705882 0.022417273328921246
0 0.5237117647058823 0.6674553275976175 0.8893058823529412 0.021742223692918596
0 0.5237176470588235 0.684162806088683 0.8893235294117646 0.010153871608206485