2 0.40193529411764706 0.07706423741547709 0.32339999999999997 0.014986851990984224
1 0.49838823529411763 0.09452854996243426 0.563364705882353 0.013848610067618334
4 0.3878235294117647 0.13283245679939895 0.2575235294117647 0.013826070623591284
3 0.7895470588235294 0.7083508640120211 0.3292176470588235 0.014598046581517655
0 0.5037058823529411 0.23181442524417734 0.9198823529411765 0.012687828700225393
0 0.5031176470588234 0.21791885800150262 0.9210588235294117 0.014199849737039819
0 0.5019411764705882 0.2988861758076634 0.9210588235294117 0.013097295266716755
0 0.5019411764705882 0.2853662659654395 0.9210647058823529 0.012355371900826447
0 0.5025294117647059 0.27199661908339595 0.9198882352941176 0.013414725770097672
0 0.5019470588235294 0.25847670924117205 0.9210764705882353 0.012672802404207362
0 0.5025352941176471 0.24514462809917356 0.9198999999999999 0.013055972952667168
0 0.5031117647058824 0.33944402704733284 0.9186941176470588 0.013072877535687453
0 0.5019470588235294 0.32592411720510894 0.9187235294117647 0.013080390683696468
0 0.5013647058823529 0.3125920360631104 0.9199058823529411 0.013465439519158528
0 0.5001823529411764 0.4342937640871525 0.9222470588235294 0.01419045830202855
0 0.5013529411764706 0.4205860255447032 0.9198882352941176 0.013072877535687453
0 0.5007705882352941 0.4068782870022539 0.9210647058823529 0.013456048084147259
0 0.5013529411764706 0.3929827197595792 0.9198882352941176 0.013465439519158528
0 0.501935294117647 0.3796262208865515 0.9186941176470588 0.013048459804658151
0 0.5031117647058824 0.36648384673178064 0.9187 0.012304658151765591
0 0.5025352941176471 0.3531517655897821 0.917535294117647 0.013439143501126972
0 0.5007588235294117 0.46095604808414725 0.9210529411764705 0.012672802404207362
0 0.5007823529411765 0.448187453042825 0.9210941176470587 0.01268031555221638
0 0.4995823529411764 0.5423121712997746 0.9210529411764705 0.013097295266716755
0 0.5001705882352941 0.5287791134485349 0.9198764705882353 0.013831705484598047
0 0.5001705882352941 0.5146957175056348 0.9222235294117647 0.013465439519158528
0 0.4995823529411764 0.5017411720510894 0.9210529411764705 0.013097295266716755
0 0.5001823529411764 0.48799586776859505 0.9222470588235294 0.013407212622088655
0 0.49960000000000004 0.4741003005259204 0.923435294117647 0.012665289256198349
0 0.499 0.582870022539444 0.9222294117647059 0.01382419233658903
0 0.499 0.5689744552967693 0.9198823529411765 0.012330954169797147
0 0.5001823529411764 0.5558302028549962 0.9198999999999999 0.013089782118707738
0 0.49840588235294114 0.6239913598797896 0.9257588235294117 0.014175432006010518
0 0.4984176470588235 0.609534184823441 0.9234176470588235 0.013055972952667168
0 0.49900588235294113 0.5962021036814424 0.9222470588235294 0.012689706987227649
0 0.5001764705882352 0.6910631104432757 0.9245823529411764 0.013831705484598047
0 0.5001823529411764 0.6769440270473329 0.9246058823529412 0.012638993238166793
0 0.499 0.6632362885048836 0.9245882352941176 0.01302404207362885
0 0.499 0.6497163786626596 0.9245941176470588 0.012280240420736287
0 0.4978411764705883 0.6369477836213374 0.9246235294117646 0.012287753568745305