2 0.39840588235294117 0.10293983822042467 0.3351647058823529 0.02165318503538928
1 0.4930941176470588 0.1274519716885743 0.5268941176470588 0.018099089989888774
4 0.3866470588235294 0.1790040444893832 0.2598764705882353 0.019079878665318503
3 0.7913117647058824 0.6223963599595551 0.3256882352941176 0.01910768452982811
0 0.5007588235294117 0.31173913043478263 0.9281058823529411 0.01761627906976744
0 0.5007705882352941 0.29253286147623864 0.9281352941176471 0.019648634984833165
0 0.5007647058823529 0.3658190091001011 0.9281235294117647 0.016572295247724977
0 0.5007588235294117 0.34787664307381194 0.9281117647058823 0.018099089989888774
0 0.5001823529411764 0.32993427704752276 0.9269529411764705 0.01659251769464105
0 0.5037058823529411 0.45709302325581397 0.9316470588235294 0.0181319514661274
0 0.5025352941176471 0.43859706774519713 0.9293058823529411 0.0165267947421638
0 0.5019411764705882 0.420401921132457 0.9281117647058823 0.01653690596562184
0 0.5019588235294118 0.401953993933266 0.9281470588235293 0.01705510616784631
0 0.5013647058823529 0.38350859453993935 0.9293176470588235 0.01757077856420627
0 0.5025235294117647 0.5291152679474216 0.9292823529411764 0.017580889787664308
0 0.5025235294117647 0.5116784630940344 0.9292882352941176 0.018099089989888774
0 0.5025352941176471 0.49297775530839233 0.9293058823529411 0.017098078867542974
0 0.5025470588235295 0.4752881698685541 0.9293235294117647 0.016099595551061677
0 0.4154764705882353 0.5215369059656217 0.0046 0.0014130434782608696
0 0.5025411764705883 0.5561501516683519 0.9293176470588235 0.03525530839231547
0 0.5025411764705883 0.5920323559150658 0.931670588235294 0.03725227502527806