3 0.7960176470588235 0.662609865470852 0.33745294117647057 0.017419282511210762
2 0.4042882352941176 0.09108295964125561 0.3210470588235294 0.01965470852017937
1 0.5001529411764706 0.11349775784753363 0.5127764705882353 0.01874439461883408
4 0.38488235294117645 0.1581031390134529 0.26575882352941177 0.016475336322869957
0 0.5054647058823529 0.3570089686098655 0.9116411764705882 0.016082959641255605
0 0.5060588235294118 0.3408408071748879 0.9128235294117647 0.016033632286995517
0 0.507235294117647 0.32492825112107626 0.9128235294117647 0.015594170403587444
0 0.5066411764705883 0.30856502242152467 0.911635294117647 0.01695067264573991
0 0.507235294117647 0.2924260089686099 0.9128235294117647 0.014269058295964126
0 0.5078294117647059 0.2767354260089686 0.9116647058823529 0.016071748878923767
0 0.5084235294117647 0.2599237668161435 0.9128470588235293 0.016531390134529148
0 0.5037058823529411 0.40542600896860986 0.9128176470588235 0.01695067264573991
0 0.5042941176470588 0.38883856502242153 0.9116470588235294 0.01516591928251121
0 0.5048882352941176 0.37314798206278027 0.9104823529411764 0.015177130044843048
0 0.5036999999999999 0.5502533632286996 0.9151647058823529 0.01512780269058296
0 0.5036999999999999 0.5345650224215246 0.9128117647058823 0.015136771300448432
0 0.5025352941176471 0.5184260089686098 0.9128294117647059 0.016042600896860985
0 0.5031117647058824 0.502286995515695 0.9139882352941177 0.016053811659192823
0 0.5037117647058823 0.486372197309417 0.9128294117647059 0.015614349775784754
0 0.5031176470588234 0.4702331838565022 0.9116411764705882 0.015625560538116593
0 0.5031117647058824 0.45386995515695067 0.911635294117647 0.016082959641255605
0 0.5031235294117646 0.43683632286995516 0.9116647058823529 0.016094170403587443
0 0.5037117647058823 0.4213408071748879 0.9104882352941176 0.014699551569506726
0 0.5031294117647059 0.5735627802690584 0.9140235294117647 0.029457399103139013
0 0.5031235294117646 0.6040470852017937 0.9140117647058823 0.031230941704035873
0 0.5037117647058823 0.6354708520179372 0.912835294117647 0.03309641255605381