3 0.7930764705882353 0.6818156544054748 0.3362764705882353 0.01701026518391788
2 0.40252352941176467 0.08688836612489308 0.32928235294117647 0.019630025662959797
1 0.49721176470588235 0.10784217279726262 0.5163058823529412 0.017906330196749358
4 0.37899999999999995 0.15102651839178785 0.2610529411764706 0.016169803250641573
0 0.5213470588235294 0.2637104362703165 0.8845823529411765 0.014846022241231823
0 0.521935294117647 0.24788922155688625 0.8857588235294117 0.01571214713430282
0 0.5207588235294117 0.3706351582549187 0.8834 0.013982035928143711
0 0.5213470588235294 0.35566937553464495 0.8822235294117647 0.014846022241231823
0 0.5207588235294117 0.3409174508126604 0.8834058823529412 0.014428999144568007
0 0.5213529411764706 0.3254961505560308 0.8845823529411765 0.015235243798118048
0 0.5213470588235294 0.30946321642429425 0.8845764705882353 0.014818220701454235
0 0.5207647058823529 0.29342814371257486 0.8857647058823529 0.015256629597946963
0 0.5201823529411764 0.27867621899059025 0.8869588235294117 0.013982035928143711
0 0.5213529411764706 0.43266253207869976 0.8798823529411764 0.014856715141146278
0 0.5219411764705882 0.41769674935842604 0.8810588235294118 0.014865269461077845
0 0.5219529411764706 0.40206159110350725 0.8810823529411764 0.015245936698032508
0 0.5219529411764706 0.38602865697177074 0.8810823529411764 0.015682207014542343
0 0.5219411764705882 0.4636633875106929 0.8810647058823529 0.015265183917878528
0 0.522535294117647 0.4478421727972626 0.8798941176470588 0.01441830624465355
0 0.522535294117647 0.4942771599657827 0.8798941176470588 0.014903763900769888
0 0.5219588235294118 0.47905688622754494 0.8810882352941176 0.015254491017964071
0 0.5213588235294118 0.5708147989734816 0.8798941176470588 0.01571214713430282
0 0.5219411764705882 0.5549957228400342 0.8787058823529411 0.01572070145423439
0 0.5219411764705882 0.5400299401197605 0.8787058823529411 0.014020530367835758
0 0.5213470588235294 0.5244225834046193 0.8798764705882353 0.015312232677502138
0 0.5225411764705883 0.5092429426860564 0.8775588235294117 0.01403977758768178
0 0.5207705882352941 0.6554875962360992 0.8787176470588235 0.028513686911890507
0 0.5207705882352941 0.6330431993156544 0.8787235294117647 0.01441830624465355
0 0.5207647058823529 0.6174230111206159 0.8787117647058823 0.0148267750213858
0 0.5207647058823529 0.6018156544054748 0.8810529411764706 0.014409751924721983
0 0.5207823529411765 0.5868498716852011 0.8810941176470588 0.015273738237810095