2 0.4013470588235294 0.09885121951219512 0.3245764705882353 0.02092439024390244
1 0.5007411764705882 0.12226097560975609 0.5610117647058823 0.018958536585365855
4 0.37723529411764706 0.1722439024390244 0.2598764705882353 0.019417073170731707
3 0.7942529411764706 0.6373707317073171 0.3362764705882353 0.018934146341463412
0 0.5213529411764706 0.38881219512195125 0.8916529411764705 0.015480487804878049
0 0.5207588235294117 0.3712560975609756 0.8928117647058823 0.016465853658536585
0 0.5201764705882352 0.35370243902439025 0.8916470588235293 0.01647560975609756
0 0.5207588235294117 0.33590243902439026 0.8928176470588235 0.016
0 0.5201764705882352 0.3181024390243902 0.8916529411764705 0.016497560975609758
0 0.5207705882352941 0.300790243902439 0.8928352941176471 0.016021951219512196
0 0.5213588235294118 0.28274634146341465 0.8916647058823529 0.017982926829268293
0 0.5225235294117647 0.4941951219512195 0.8939941176470588 0.01746341463414634
0 0.5231176470588235 0.4763951219512195 0.8928235294117647 0.016009756097560977
0 0.5225235294117647 0.45908292682926827 0.8916411764705882 0.017482926829268296
0 0.5225294117647059 0.4412829268292683 0.8916470588235293 0.016031707317073172
0 0.5213588235294118 0.42299756097560975 0.8916529411764705 0.017504878048780488
0 0.5207823529411765 0.4056853658536585 0.8928588235294117 0.016053658536585365
0 0.5231176470588235 0.563929268292683 0.8975294117647059 0.01741951219512195
0 0.522535294117647 0.5458853658536585 0.896364705882353 0.01645609756097561
0 0.522535294117647 0.5285731707317073 0.8940058823529411 0.016953658536585366
0 0.522535294117647 0.511751219512195 0.8940117647058823 0.0155
0 0.5237058823529411 0.6070853658536586 0.8987117647058823 0.033485365853658536
0 0.5231235294117647 0.5814853658536586 0.8975470588235294 0.016434146341463413