2 0.4007588235294117 0.1146357063403782 0.3257529411764706 0.024374304783092327
1 0.4989764705882353 0.13993325917686317 0.5598352941176471 0.02046718576195773
4 0.387235294117647 0.19636818687430477 0.2681117647058824 0.02098998887652948
3 0.7895470588235294 0.5884983314794215 0.3292176470588235 0.022155172413793105
0 0.5148764705882353 0.32237486095661844 0.8904588235294117 0.020503337041156842
0 0.5154647058823529 0.36268631813125696 0.8892823529411764 0.01992213570634038
0 0.5154764705882353 0.34266963292547276 0.8893117647058824 0.01882369299221357
0 0.5154647058823529 0.4227335928809789 0.8916294117647059 0.01988598442714127
0 0.5166529411764705 0.4029977753058955 0.8893 0.019340934371523916
0 0.5160647058823529 0.38325917686318134 0.8904823529411764 0.01879866518353726
0 0.5154705882352941 0.48337597330367077 0.8916411764705882 0.018809788654060067
0 0.5154647058823529 0.46276696329254724 0.8916411764705882 0.019860956618464962
0 0.5148823529411765 0.44247219132369303 0.8928294117647059 0.018206340378198
0 0.5160588235294118 0.5434232480533927 0.8904764705882353 0.01988598442714127
0 0.5154764705882353 0.5220189098998888 0.8916529411764705 0.020453281423804225
0 0.5154764705882353 0.5025583982202447 0.8916588235294117 0.018242491657397105
0 0.5160705882352942 0.5634399332591769 0.8904941176470588 0.018762513904338154