2 0.4013470588235294 0.07843436293436294 0.3245764705882353 0.01694787644787645
1 0.49485882352941174 0.09734942084942085 0.5116058823529411 0.01461969111969112
4 0.3866470588235294 0.13671814671814672 0.2598764705882353 0.013824324324324325
3 0.7936647058823529 0.6954015444015443 0.3303941176470588 0.014584942084942085
0 0.5031235294117646 0.39095173745173745 0.9234176470588235 0.013409266409266409
0 0.5031176470588234 0.3768629343629344 0.9234176470588235 0.013805019305019307
0 0.5037117647058823 0.3631621621621622 0.9222470588235294 0.012654440154440155
0 0.5031176470588234 0.34945945945945944 0.9234058823529412 0.013822393822393822
0 0.5031117647058824 0.33515250965250964 0.9234058823529412 0.01377992277992278
0 0.5031176470588234 0.32125675675675675 0.9257647058823529 0.013787644787644788
0 0.5031176470588234 0.30813320463320465 0.9257588235294117 0.013023166023166022
0 0.5042941176470588 0.2938513513513514 0.9257588235294117 0.013805019305019307
0 0.5043058823529412 0.2791853281853282 0.9281352941176471 0.013812741312741312
0 0.5048882352941176 0.26548262548262547 0.9269470588235293 0.012664092664092663
0 0.5054705882352941 0.251972972972973 0.9281235294117647 0.013444015444015444
0 0.5048823529411764 0.23807722007722007 0.9269411764705882 0.013451737451737453
0 0.5048882352941176 0.2236023166023166 0.9269588235294117 0.013847490347490348
0 0.5031235294117646 0.5436718146718146 0.9210705882352941 0.013057915057915058
0 0.5037117647058823 0.5303552123552123 0.9198941176470588 0.01267953667953668
0 0.5037058823529411 0.5158436293436294 0.9198882352941176 0.014542471042471042
0 0.5037058823529411 0.5013687258687259 0.9198823529411765 0.01262162162162162
0 0.5031176470588234 0.48785907335907336 0.9210529411764705 0.013401544401544402
0 0.5031294117647059 0.4743494208494209 0.9210764705882353 0.012638996138996139
0 0.5031235294117646 0.46083976833976836 0.9234294117647058 0.01341891891891892
0 0.5025294117647059 0.4465598455598455 0.9245941176470588 0.013426640926640926
0 0.5025294117647059 0.43283204633204636 0.922235294117647 0.012998069498069498
0 0.5025294117647059 0.41835714285714287 0.9245882352941176 0.014166023166023166
0 0.5031352941176471 0.40446138996138997 0.9234529411764705 0.013401544401544402
0 0.5013529411764706 0.5990598455598456 0.9245823529411764 0.013411196911196912
0 0.5025294117647059 0.5847779922779923 0.9245882352941176 0.014191119691119691
0 0.5031176470588234 0.5704980694980695 0.9234058823529412 0.013428571428571429
0 0.5025470588235295 0.5573745173745174 0.9199176470588235 0.013436293436293436
0 0.5013647058823529 0.6189362934362934 0.9246058823529412 0.025362934362934363
0 0.5013647058823529 0.6453764478764479 0.9246058823529412 0.025733590733590737
0 0.5013588235294117 0.6708764478764478 0.9222470588235294 0.02730888030888031